+85297829374
+85264293799
+85268004966
+85264626291
+85254406915
+85253653318
+85252383302
+85261922135
+85251302833
+85291888701
+85293286058
+85244035527
+85263515528
+85265473685
+85260772560
+85255661728
+85267534939
+85297175434
+85261154035
+85290934658
+85295883225
+85251483255
+85292181831
+85297760565
+85296893340
+85265678019
+85267641670
+85295888316
+85292835438
+85293830812
+85268261288
+85255469454
+85293315512
+85259327731
+85296481696
+85268043242
+85254697267
+85298491089
+85251085539
+85254453816
+85246118668
+85267098930
+85265779295
+85263538664
+85260954532
+85252669547
+85262405082
+85266995376
+85268950607
+85297825344
+85261107800
+85290400824
+85262668060
+85292433213
+85292321335
+85255161147
+85291272487
+85260536863
+85253723510
+85257283863
+85296064950
+85292296965
+85298639078
+85295178828
+85265741799
+85261425450
+85293038904
+85297766103
+85251731510
+85290760851
+85297308217
+85263422820
+85267610325
+85262202459
+85254306667
+85292679243
+85259891781
+85262880897
+85264617007
+85267307628
+85260972092
+85251687748
+85256665255
+85294363430
+85263562079
+85264349617
+85251883315
+85266712748
+85293330382
+85291085135
+85293555627
+85262814543
+85296192939
+85268957030
+85255792594
+85290512350
+85260552467
+85293612461
+85292011750
+85251338293
+85260395492
+85251001892
+85255251338
+85252205959
+85290371704
+85293453982
+85297210215
+85297728517
+85298029022
+85297718330
+85265997856
+85292778237
+85251139862
+85293385312
+85295424895
+85260343819
+85292800969
+85290509871
+85251387952
+85262397810
+85298416156
+85290263706
+85252662719
+85298584083
+85290215781
+85254014252
+85264788473
+85291463552
+85251192414
+85292314224
+85295716663
+85292384818
+85298446207
+85294883333
+85296693391
+85295507546
+85253999957
+85251260327
+85293157317
+85292066617
+85296078529
+85261574229
+85257213131
+85262279292
+85293368022
+85297811020
+85256250591
+85297487814
+85261508949
+85261125293
+85256965991
+85290897055
+85293300604
+85254380998
+85269937542
+85260209442
+85296816305
+85295438616
+85298240848
+85262999809
+85254081023
+85266710423
+85268551522
+85297158226
+85292901126
+85263656614
+85295306015
+85298327243
+85255100359
+85295390028
+85253848251
+85294014498
+85297579211
+85293551981
+85294557139
+85293022194
+85255888749
+85293472406
+85297901166
+85266856680
+85261802909
+85261686286
+85252877141
+85262826692
+85298276924
+85268288664
+85295858638
+85293468846
+85263742832
+85292886742
+85293123274
+85254396791
+85269567262
+85262371077
+85297139098
+85291306278
+85284939802
+85294198697
+85261681292
+85269325557
+85251621283
+85263196961
+85253614473
+85255252782
+85253155648
+85255851983
+85268418925
+85263575488
+85294676811
+85297275537
+85293108146
+85292021168
+85294887797
+85297814885
+85244248431
+85252980058
+85255726393
+85262876627
+85261222390
+85263295962
+85261556890
+85294591760
+85292701806
+85260783312
+85292899893
+85269005281
+85246113328
+85267555288
+85293889828
+85295809117
+85262042746
+85268464471
+85254015151
+85291872799
+85268399998
+85270948472
+85291448641
+85297766655
+85253032535
+85254094509
+85296225266
+85262006477
+85262897599
+85254057079
+85292104294
+85267735857
+85262208202
+85266968402
+85268992627
+85260893266
+85265726876
+85264638341
+85293721519
+85264667959
+85297779151
+85264837047
+85291000907
+85290822933
+85295886985
+85269907892
+85295143273
+85296499284
+85291673612
+85265039082
+85261591489
+85295862787
+85298660147
+85294017959
+85253041416
+85261997380
+85256041639
+85262747247
+85296806085
+85252084908
+85256655890
+85251853320
+85265928065
+85264067076
+85291510730
+85268954076
+85291459413
+85260931002
+85296759880
+85263161098
+85298709053
+85260744681
+85296867439
+85292121534
+85263086570
+85298240198
+85259737134
+85290348353
+85268416552
+85259310611
+85293695318
+85291457667
+85260877511
+85296790965
+85266773783
+85297888825
+85292774888
+85256622232
+85260120825
+85267955715
+85246145804
+85264303785
+85290901478
+85266866306
+85252265367
+85254640080
+85296132950
+85259339031
+85296336970
+85295476917
+85292222627
+85290970388
+85261753688
+85292275200
+85260965268
+85259801812
+85295227726
+85255172692
+85290565898
+85291565989
+85298022238
+85252267095
+85284937781
+85263578112
+85255071548
+85257753256
+85296561193
+85297344690
+85268592210
+85262796853
+85266899339
+85264889293
+85257360363
+85260180042
+85267725544
+85290933763
+85291797693
+85260161185
+85260994019
+85290713988
+85251002980
+85266074066
+85298165155
+85264370745
+85263427274
+85257428744
+85264066197
+85255318126
+85263753682
+85262921208
+85267466519
+85266956625
+85291683614
+85298047238
+85291630499
+85254448697
+85296212471
+85292257210
+85255962138
+85292251550
+85268925031
+85263981695
+85297198811
+85291353775
+85261415161
+85260180631
+85260300287
+85293209950
+85251329595
+85254036575
+85263973351
+85290400945
+85261506811
+85297456517
+85292580788
+85291776399
+85251201629
+85296748729
+85262246999
+85261542437
+85256933603
+85295260305
+85294574548
+85293896378
+85256937611
+85298891780
+85290840673
+85292357546
+85262777990
+85261776516
+85292831552
+85291886316
+85262144395
+85252913254
+85266023033
+85298320571
+85298804092
+85267099410
+85297981150
+85246625177
+85295680755
+85297571131
+85267311179
+85260106267
+85257038980
+85290976001
+85292742321
+85260719680
+85259022328
+85298789432
+85296654469
+85259784692
+85260314535
+85296012830
+85253470798
+85290444233
+85291781251
+85265474195
+85290809054
+85296406286
+85291272013
+85295013185
+85291608852
+85267390499
+85292508346
+85293714100
+85298624880
+85253732830
+85292540907
+85267112280
+85268280862
+85293411829
+85290559551
+85290710728
+85296557617
+85293062777
+85296081502
+85256692150
+85293207570
+85268895169
+85265839977
+85296516681
+85267455476
+85254984585
+85292300065
+85290574793
+85260339732
+85298051293
+85294000865
+85298323295
+85266021756
+85269998642
+85291020121
+85292077385
+85293293413
+85263489884
+85269789022
+85294788000
+85266771551
+85267481074
+85290474438
+85261099081
+85297826943
+85266960626
+85260179117
+85263565297
+85297869030
+85298396173
+85260111823
+85290523355
+85293459388
+85297013169
+85265967700
+85291767029
+85265403260
+85293408161
+85265801827
+85290207243
+85296824428
+85264446942
+85263841239
+85261308461
+85260389626
+85246478183
+85293863123
+85252620092
+85262753351
+85263568507
+85255468805
+85290770146
+85259968667
+85296213398
+85257149913
+85298209715
+85254013661
+85246255717
+85254057819
+85298000824
+85293027913
+85253967079
+85292596033
+85256379224
+85256662959
+85293103862
+85292819111
+85290471687
+85252821420
+85290753344
+85292150564
+85264613031
+85267684647
+85294027757
+85264768674
+85253382757
+85252812652
+85293044257
+85266529382
+85260367783
+85298568911
+85298779207
+85266369983
+85291645335
+85297287129
+85260399552
+85292555478
+85263777991
+85292699530
+85293410196
+85254419082
+85291396933
+85292181375
+85253947227
+85254988231
+85265534597
+85296340238
+85253199808
+85295119656
+85252193778
+85295506482
+85294295253
+85260433505
+85264877557
+85292697959
+85252240936
+85292738862
+85261867661
+85295388270
+85296209216
+85298618781
+85266845598
+85264243054
+85260194176
+85264825914
+85267048681
+85297007854
+85265763001
+85264065802
+85297771149
+85268808608
+85290466846
+85293192282
+85266337265
+85292139789
+85253254624
+85290324793
+85294691585
+85263563515
+85298507720
+85263013282
+85265105327
+85292090030
+85296032210
+85297600047
+85291869438
+85260858200
+85295531720
+85251875844
+85295598259
+85296502383
+85257176407
+85294859310
+85266707880
+85296027954
+85263409220
+85267672080
+85293121154
+85266159968
+85263431027
+85259226808
+85290293198
+85260520000
+85292027698
+85295164979
+85267940498
+85260782700
+85295427070
+85267636379
+85260197300
+85264439391
+85298700660
+85261295259
+85268283228
+85294369772
+85260610765
+85254019118
+85256462995
+85267909906
+85251351563
+85254232936
+85261504655
+85263437653
+85291303103
+85257257925
+85254424121
+85296367639
+85291261772
+85267596388
+85291368955
+85263591402
+85292001036
+85268982773
+85264060738
+85291832800
+85254842993
+85268233206
+85261549723
+85291477453
+85256885705
+85292459542
+85294168268
+85290359787
+85293458591
+85290487646
+85292790929
+85292835772
+85297568593
+85291738127
+85295231473
+85266865309
+85260821406
+85263721721
+85296007335
+85293167433
+85293370209
+85293272724
+85261373661
+85297239753
+85255179444
+85293282470
+85292340842
+85297771999
+85293641388
+85252666060
+85296519774
+85253723034
+85293564173
+85298663746
+85292741741
+85255015345
+85255725438
+85264306827
+85290201923
+85265026535
+85253765198
+85298794660
+85298277996
+85291949084
+85297077646
+85268753649
+85252266968
+85254028191
+85297991016
+85257436227
+85262933619
+85265026898
+85268440856
+85262228885
+85293864562
+85262227324
+85284137989
+85290163290
+85294894644
+85296051700
+85255886481
+85290308333
+85266701029
+85261034297
+85253924259
+85265771919
+85296694182
+85294214649
+85291229664
+85294099388
+85294123338
+85294992274
+85257120064
+85294849292
+85296515558
+85298038706
+85296677729
+85268935420
+85292557536
+85298669524
+85290290064
+85297918104
+85294013734
+85296015745
+85260936045
+85290494333
+85291764428
+85262156285
+85268948761
+85297479145
+85293166171
+85263929566
+85261237702
+85254970455
+85257284975
+85266296214
+85266638992
+85267112615
+85264381773
+85298655605
+85262633168
+85298710234
+85298878661
+85266203251
+85290316356
+85291059764
+85298350502
+85264221717
+85262568711
+85296813220
+85252233709
+85255460931
+85292322538
+85290464818
+85295115048
+85296020029
+85254865110
+85262072801
+85290384546
+85259259747
+85297130875
+85296682962
+85296831230
+85297106822
+85290781311
+85292776108
+85284811905
+85291530590
+85256061237
+85263596934
+85298579525
+85260908667
+85263662419
+85251382110
+85255814312
+85265418032
+85261686813
+85267642163
+85266945393
+85262641854
+85256061982
+85292634469
+85254020180
+85298532638
+85295711293
+85260784163
+85259383104
+85295145563
+85291450136
+85246446268
+85298315356
+85252826470
+85295487610
+85296653131
+85261244322
+85296356533
+85244361093
+85265761380
+85263989512
+85297551871
+85267320005
+85293339036
+85293711092
+85251044971
+85255273422
+85256609802
+85269790418
+85251726793
+85267624100
+85253735596
+85293068976
+85291931339
+85296018943
+85292176731
+85294709622
+85268576307
+85255414973
+85254096157
+85267757586
+85265886613
+85294301031
+85262343994
+85267960290
+85296516187
+85291047766
+85269922866
+85297877985
+85294714854
+85268279882
+85297889611
+85298378899
+85262833261
+85295387783
+85256253726
+85255395243
+85294466863
+85253753961
+85298086107
+85256969449
+85261007802
+85261808140
+85251198890
+85259384265
+85260647152
+85264491978
+85298798004
+85256225139
+85266224894
+85262971886
+85252112188
+85296225827
+85265738658
+85297716889
+85293540811
+85292287116
+85251073878
+85263159289
+85253398575
+85266026001
+85297518609
+85297168263
+85257023245
+85268485567
+85291923915
+85268905057
+85266225791
+85291880804
+85264205299
+85254809843
+85293818992
+85298446395
+85292152094
+85261479869
+85252360924
+85261619820
+85291726978
+85252865630
+85293859467
+85255949745
+85270758216
+85293849310
+85255455369
+85264678258
+85256056747
+85290961321
+85267592191
+85292335503
+85267544678
+85290490389
+85295497393
+85297232683
+85295398585
+85268498331
+85291070068
+85291822768
+85269772812
+85262995226
+85253486384
+85293359545
+85255360012
+85292131251
+85296897218
+85290301374
+85254908870
+85266416457
+85260443748
+85263019192
+85261851238
+85262928909
+85255437616
+85292207229
+85268049690
+85262384019
+85291940022
+85251048824
+85246621465
+85261122126
+85255446557
+85256484842
+85295232298
+85255795507
+85291310423
+85296205557
+85256319843
+85260634120
+85290651570
+85297336339
+85293589706
+85297281986
+85254046649
+85269362114
+85267464805
+85263323654
+85266227713
+85259129958
+85266706986
+85297211817
+85291015566
+85293310568
+85261561321
+85297392018
+85297231245
+85296728565
+85290934539
+85296586173
+85297993613
+85290391069
+85269320326
+85293422650
+85254924987
+85298870806
+85255286366
+85257448078
+85293837560
+85295447278
+85293664682
+85266519182
+85296702644
+85290769183
+85268579418
+85253092091
+85296076269
+85266440782
+85266887250
+85260118078
+85264400091
+85264087616
+85291803043
+85291008232
+85252664711
+85290861393
+85292496263
+85293448232
+85291359041
+85297931408
+85298162391
+85295657911
+85296396161
+85262366927
+85260190716
+85290213855
+85296153948
+85255450026
+85254088550
+85262059338
+85254023006
+85261707889
+85293291489
+85293847021
+85296470648
+85293498678
+85291247942
+85294740738
+85297923536
+85269071771
+85263333563
+85264364425
+85260509884
+85255805008
+85297296545
+85266770235
+85298850128
+85255943192
+85264811453
+85261488800
+85269002792
+85298097192
+85251151986
+85263446363
+85262230128
+85298476969
+85252873037
+85261574430
+85246418943
+85291074038
+85260700159
+85298325061
+85296563786
+85257179887
+85298270346
+85265312417
+85290841172
+85296828335
+85290314060
+85298336778
+85267090339
+85292604502
+85246146574
+85269241224
+85253090156
+85254461813
+85293220164
+85268910001
+85298079079
+85253457885
+85262862871
+85290924772
+85253996551
+85294869570
+85296287567
+85298867602
+85296886019
+85263336172
+85296037425
+85298041222
+85292714137
+85293433102
+85298230567
+85290871482
+85265795156
+85254063443
+85294178676
+85255338912
+85292123091
+85254982808
+85252752310
+85253411128
+85291939911
+85268986061
+85290617702
+85293645507
+85298596326
+85269497178
+85262736797
+85291615828
+85263008927
+85290805232
+85294240188
+85266373259
+85268299108
+85252001690
+85294087442
+85254230383
+85298605801
+85297903723
+85293582143
+85290632798
+85260228220
+85254007950
+85267747693
+85290732689
+85298025583
+85254897873
+85259750905
+85261363599
+85294656104
+85254880884
+85263886099
+85261586182
+85291230131
+85298363175
+85246734152
+85292324532
+85268576774
+85261028979
+85268997922
+85297533889
+85261210186
+85297575826
+85251826622
+85294573792
+85257363312
+85246128179
+85294713238
+85263977620
+85290339625
+85269701917
+85260198510
+85251263833
+85296555180
+85296273927
+85292850142
+85267605833
+85264627638
+85259385765
+85251609922
+85292131677
+85262172088
+85292721072
+85268933405
+85267642197
+85261120575
+85292702772
+85261726218
+85252657740
+85256161328
+85257215066
+85295502086
+85296776258
+85265303650
+85257271140
+85269334853
+85296515569
+85265572794
+85252255068
+85296311076
+85265997450
+85295481580
+85264213642
+85255462324
+85251816922
+85263558229
+85266393747
+85261577118
+85264496494
+85295529997
+85260209756
+85298719721
+85267470624
+85295785174
+85252828460
+85295872344
+85293677904
+85291200622
+85298362430
+85290751919
+85298130131
+85294357107
+85292526633
+85260944601
+85252661813
+85291959336
+85297223214
+85296688917
+85254205371
+85254841283
+85269347531
+85264248893
+85295416900
+85256280626
+85268995358
+85295899445
+85295240768
+85263143928
+85296749576
+85297747321
+85293029852
+85292797703
+85255427764
+85267983026
+85265041798
+85290780455
+85290456769
+85296475102
+85295410208
+85260553556
+85291306880
+85296873191
+85262013412
+85298099487
+85292229312
+85294135756
+85294653816
+85298637393
+85269011598
+85268468347
+85264697003
+85252291181
+85255419594
+85295871581
+85297566411
+85256232855
+85252810933
+85255776483
+85295197899
+85293442480
+85292733437
+85263357446
+85260621471
+85297375819
+85261222742
+85262101177
+85254777110
+85291635054
+85290704800
+85263668740
+85293601784
+85253193794
+85290599120
+85252907894
+85265900702
+85255106467
+85257358401
+85296005115
+85259114569
+85266727908
+85259850233
+85254095317
+85260505158
+85254039197
+85267618154
+85292050846
+85266263611
+85292513276
+85294767483
+85298224766
+85296636305
+85292546163
+85298060446
+85260157526
+85255467209
+85293290307
+85254980252
+85251135092
+85264677376
+85297211007
+85294422655
+85293273376
+85269319824
+85290161443
+85262168618
+85261044162
+85291687760
+85266760669
+85252367512
+85267189366
+85253986452
+85252287899
+85297364426
+85263736120
+85261808559
+85298526005
+85297015995
+85269767603
+85295577486
+85291431941
+85267096938
+85251709694
+85291763980
+85264669919
+85296603098
+85297736660
+85297363057
+85294435230
+85294851378
+85260551025
+85264790809
+85293648084
+85257218123
+85252706925
+85263367889
+85295821275
+85290368907
+85264376330
+85296584666
+85298787066
+85294200304
+85293523267
+85268920234
+85261722354
+85291723010
+85260903700
+85296547047
+85253779334
+85251138853
+85298176941
+85296442694
+85260381820
+85292019117
+85259350583
+85260122894
+85251108915
+85252221590
+85255668823
+85269221312
+85261060623
+85290140927
+85268513302
+85292818888
+85253771268
+85290166996
+85252323989
+85252387870
+85290949329
+85294523537
+85297899413
+85261356182
+85294122826
+85293001860
+85268786098
+85251733480
+85257472451
+85267906811
+85298007725
+85266768780
+85296491389
+85297772894
+85266413155
+85246436964
+85262956573
+85261332533
+85298334216
+85293486332
+85255987996
+85295420216
+85292230302
+85254000536
+85269393909
+85261009035
+85295232333
+85296013216
+85294254488
+85260156892
+85265679892
+85262630071
+85266724860
+85294432825
+85267514680
+85262325252
+85266989922
+85252819231
+85262190445
+85267059598
+85263550887
+85297897738
+85291726369
+85262783084
+85252209299
+85261057412
+85267767917
+85291520918
+85298329102
+85257290353
+85251956663
+85260182676
+85264123672
+85269279168
+85293091684
+85290271373
+85265918828
+85291946559
+85298517317
+85296787744
+85293707223
+85257244861
+85291282456
+85260881376
+85269061189
+85298671792
+85290396434
+85254022954
+85295397401
+85296195210
+85263362161
+85261255243
+85298877154
+85291408096
+85269427081
+85251252536
+85251163368
+85297797701
+85298443908
+85290413324
+85253491273
+85267548817
+85264948417
+85297903005
+85251935550
+85251754388
+85292254483
+85292168651
+85262961739
+85269939031
+85266015389
+85292528069
+85254356082
+85268007050
+85261517594
+85261123762
+85251298448
+85297571542
+85255162175
+85293830105
+85290373005
+85253478822
+85291034380
+85253480069
+85297975624
+85251903622
+85256814476
+85290446182
+85291906702
+85298806362
+85298830746
+85290454939
+85251060440
+85298335296
+85262825867
+85257353543
+85260181640
+85291411481
+85255396343
+85290711826
+85297772182
+85251832240
+85260677816
+85293838662
+85260335867
+85254062059
+85263234375
+85294293862
+85292656747
+85295250421
+85297099920
+85293360915
+85259250403
+85297408322
+85298891590
+85294664391
+85256227790
+85266838462
+85292885099
+85262039099
+85266863370
+85297900148
+85260202113
+85295443863
+85294898891
+85269371985
+85267617739
+85260937895
+85265326166
+85264422161
+85254699810
+85251336189
+85262382932
+85298726215
+85254060179
+85261331627
+85298528529
+85254136157
+85295886941
+85284910940
+85267710198
+85263816122
+85296607353
+85267345628
+85259219370
+85293080835
+85290783213
+85296875914
+85295502507
+85291307239
+85296622701
+85296536342
+85291806892
+85262224204
+85254177505
+85296595589
+85259895885
+85293668776
+85263041498
+85296562685
+85291940900
+85293773984
+85262909542
+85253723883
+85293156363
+85260750217
+85297450432
+85291632458
+85293296119
+85253189655
+85266892409
+85295188258
+85298335781
+85259159099
+85264614967
+85265025163
+85296089519
+85264211359
+85294007137
+85293268813
+85252392349
+85264608641
+85264238484
+85262633320
+85296771268
+85297945801
+85268413917
+85263030075
+85260135883
+85268290079
+85297143818
+85295795539
+85260612190
+85261839730
+85296761626
+85246619210
+85297132838
+85251611838
+85265213932
+85266608817
+85290703982
+85294789403
+85261840323
+85298832835
+85294646051
+85259741368
+85296346657
+85262159741
+85294664270
+85292896471
+85267200271
+85265031728
+85256879097
+85254966512
+85263572905
+85262037822
+85256928698
+85293113434
+85265813087
+85251116937
+85266206388
+85291711571
+85290475371
+85246745435
+85261545324
+85254989777
+85295059776
+85265168116
+85290143747
+85254072734
+85290399593
+85261088631
+85261522496
+85263737715
+85268740430
+85261028761
+85252427780
+85266533647
+85296443506
+85251736874
+85296222040
+85296618642
+85290768348
+85255483561
+85252122399
+85262217934
+85297329200
+85253749232
+85260361798
+85295245058
+85291335619
+85296432556
+85297719839
+85264101042
+85284167629
+85267697556
+85268068396
+85244569600
+85265043004
+85262903036
+85293808274
+85261743066
+85253007192
+85268221448
+85294312184
+85290941499
+85259847298
+85295445995
+85264622629
+85290994686
+85262467891
+85260916236
+85267798102
+85295450958
+85260615526
+85255473646
+85263576990
+85262525597
+85297596863
+85260251002
+85254074680
+85253961512
+85252859888
+85298456948
+85256227781
+85254832807
+85254054576
+85293875170
+85254044008
+85264194206
+85294679026
+85252652231
+85296015272
+85290116803
+85265710020
+85297511680
+85244086797
+85254837857
+85298813765
+85255434357
+85267754212
+85261039566
+85296067243
+85255980266
+85259136998
+85255365300
+85261139520
+85292505237
+85297318695
+85269983668
+85292809826
+85293820665
+85267566932
+85298849482
+85251377795
+85264730140
+85263689237
+85296854395
+85298064922
+85292126011
+85293208089
+85254497311
+85269775054
+85266851892
+85297127026
+85262352146
+85251847719
+85291305042
+85261457671
+85267966991
+85262386518
+85297260527
+85269076657
+85261299889
+85293297078
+85261537565
+85293894653
+85260191370
+85290309626
+85291579854
+85294693284
+85295818150
+85298632008
+85295181836
+85293890196
+85256284222
+85293206874
+85262363444
+85265419391
+85262236682
+85294975588
+85295005494
+85298613643
+85264217993
+85255374981
+85291680477
+85297289280
+85295827703
+85266876540
+85265271249
+85260166200
+85267752822
+85290343438
+85290587332
+85251309996
+85293128020
+85266418098
+85261384268
+85269222583
+85266227663
+85267152680
+85260347605
+85297118064
+85298484966
+85298165124
+85246280749
+85284914186
+85290136951
+85267748974
+85263605859
+85267384445
+85292723057
+85290396596
+85292300894
+85263025822
+85264022085
+85290335218
+85269783897
+85298587022
+85252645930
+85251298678
+85266112623
+85266284274
+85290584045
+85290234912
+85263599567
+85260973459
+85295763269
+85252818339
+85293545451
+85265984078
+85269152887
+85246348664
+85252230183
+85263865376
+85290256273
+85295647340
+85266445873
+85268928789
+85260480399
+85297878413
+85293653297
+85297860133
+85295947157
+85297313359
+85295177399
+85268086554
+85293694045
+85270714111
+85260364510
+85251120645
+85252109187
+85291788376
+85266608600
+85261944938
+85269304993
+85252282530
+85297863313
+85297193969
+85265717128
+85267322000
+85255068997
+85298649775
+85293731718
+85255821523
+85294612430
+85292727703
+85290971933
+85267416812
+85262875499
+85255111162
+85268911499
+85266623103
+85291388876
+85262631344
+85261230808
+85263893128
+85261811462
+85267692986
+85259913841
+85290730293
+85269201514
+85268490247
+85262337017
+85294513421
+85297801786
+85297571927
+85291636135
+85295826486
+85293530723
+85298680754
+85294501477
+85291478663
+85290935425
+85292392804
+85262070049
+85290936348
+85296687767
+85261489780
+85269038990
+85255706652
+85292118594
+85292769946
+85291075727
+85297393774
+85296842788
+85254153600
+85253085467
+85253183010
+85261889900
+85290961875
+85296065712
+85298694799
+85252367681
+85292129458
+85257459691
+85295711991
+85292001544
+85295554878
+85297713543
+85296132931
+85257215923
+85293355535
+85265878190
+85296416021
+85294410661
+85296780687
+85267716028
+85296842459
+85260919952
+85262196133
+85251913343
+85298531521
+85296448641
+85255484433
+85251124730
+85290769111
+85251058738
+85268973125
+85251107852
+85298897205
+85254669906
+85261591308
+85257244233
+85255932235
+85290796592
+85292028744
+85263673700
+85256043989
+85259575644
+85263033857
+85254891896
+85253747623
+85263766923
+85291498199
+85255009371
+85293150589
+85294577562
+85254941485
+85291530648
+85255358991
+85255971958
+85260813388
+85268062908
+85260127707
+85292711833
+85298626347
+85266804277
+85261230033
+85265786653
+85264482686
+85260467790
+85254769086
+85290629977
+85254803425
+85267653093
+85298812397
+85262399969
+85297568309
+85265070048
+85256459621
+85267027768
+85290131164
+85252227750
+85263316763
+85263484033
+85295811247
+85291536552
+85246117826
+85253997861
+85263395289
+85251301679
+85290468544
+85296800158
+85293111032
+85266456813
+85293383345
+85261711431
+85251622111
+85264606080
+85262347475
+85268989381
+85296772680
+85268921326
+85293745550
+85264181045
+85265025292
+85266536770
+85259773376
+85291039504
+85296796121
+85293415075
+85267611435
+85244422562
+85292752805
+85261319023
+85297306910
+85292612969
+85263670127
+85261309250
+85255024664
+85261563285
+85267364753
+85251158566
+85260368225
+85264649983
+85297527909
+85265858535
+85264640394
+85297144929
+85297744706
+85296071642
+85297680498
+85297009526
+85261106326
+85297367697
+85296081549
+85261068409
+85265567881
+85294583304
+85263888551
+85291918780
+85294703755
+85267139564
+85261111427
+85294886765
+85254777321
+85262229352
+85266769201
+85269767186
+85259370463
+85290609886
+85290910956
+85296596480
+85298028352
+85293565491
+85292911357
+85294288081
+85254024994
+85268552198
+85296279517
+85255180866
+85290524710
+85264838830
+85256830773
+85291666287
+85296565995
+85292915120
+85293222664
+85262333184
+85266078792
+85267566180
+85290103568
+85291055223
+85246220684
+85256161031
+85252715110
+85254033619
+85269331986
+85261546100
+85291058791
+85290398481
+85295260373
+85295147082
+85298436606
+85267589127
+85262821861
+85255017918
+85261507711
+85260217261
+85246472482
+85252251430
+85294231353
+85296466334
+85290168260
+85296614266
+85296064327
+85263690939
+85293458583
+85256836527
+85252861922
+85298009446
+85290469649
+85292290921
+85295431669
+85292186694
+85295799302
+85261785131
+85291450130
+85253306232
+85295373288
+85246629811
+85291085337
+85264320581
+85291684366
+85292408859
+85260716356
+85256889156
+85294597913
+85251345821
+85296407827
+85296070727
+85263867139
+85297776789
+85297467439
+85255466743
+85298406889
+85251787214
+85267733380
+85252252966
+85251685022
+85297119811
+85255765779
+85251916565
+85269968288
+85246277979
+85291348164
+85292202753
+85294197872
+85293544852
+85297579953
+85295428873
+85265909533
+85255114950
+85251284256
+85259544053
+85264603040
+85296512027
+85260937323
+85254883408
+85262783794
+85255722203
+85259606083
+85269085258
+85292884630
+85291498239
+85261097017
+85266185289
+85251917791
+85261501176
+85290404380
+85297578637
+85255152307
+85294333082
+85256026574
+85293625799
+85254881607
+85290479747
+85268788273
+85295890152
+85253493822
+85262211657
+85291526064
+85292275968
+85263879315
+85260138033
+85257039140
+85293434018
+85298790061
+85264470807
+85290468749
+85264160078
+85268039657
+85290696605
+85261940574
+85268928944
+85269383288
+85267303545
+85295563008
+85290333225
+85292583930
+85290465116
+85260934930
+85266750440
+85269325958
+85295575771
+85294301697
+85257122893
+85261455428
+85256182301
+85263489934
+85261004291
+85297418026
+85251663721
+85265149064
+85290864657
+85252207785
+85264831819
+85266636616
+85297400609
+85266029755
+85293220396
+85263015418
+85252626820
+85264812621
+85291988461
+85260186291
+85291737827
+85262888956
+85293397932
+85291911505
+85262816318
+85263248714
+85293129553
+85293417518
+85263396665
+85291283049
+85259288928
+85268494051
+85263427199
+85297400282
+85262053018
+85266501762
+85262935446
+85290150900
+85252660810
+85266079567
+85264611534
+85297863881
+85292592087
+85268256662
+85265030389
+85291553680
+85297626989
+85294358500
+85294369781
+85296569092
+85296814496
+85259766116
+85256007791
+85292575666
+85260959112
+85268749251
+85292210016
+85260941155
+85293084072
+85262826014
+85295406616
+85293829559
+85253352302
+85252747049
+85259268011
+85298123922
+85251013260
+85265472095
+85297284029
+85295212640
+85297093379
+85298488695
+85291848818
+85291480393
+85292167928
+85251369698
+85296220448
+85262811515
+85292295043
+85292091597
+85298150655
+85292826088
+85260928659
+85254066822
+85293752697
+85291279844
+85264855452
+85269382221
+85256691067
+85269729633
+85296874012
+85297925391
+85263321353
+85263791052
+85265007071
+85246803595
+85291876382
+85295183130
+85291666080
+85292872463
+85266335901
+85296629435
+85253277516
+85264189759
+85290421612
+85269376619
+85261522623
+85246116761
+85268471198
+85294101070
+85265332054
+85291258923
+85298065956
+85264437998
+85265653384
+85297206373
+85261269917
+85263169058
+85261556638
+85261886133
+85265831729
+85297268768
+85253907914
+85295066494
+85264466885
+85291001388
+85261651228
+85256600312
+85255340661
+85292727092
+85294599199
+85267201216
+85295769678
+85294641322
+85252253322
+85298054635
+85266825791
+85259787828
+85292811591
+85262216422
+85263741467
+85262912440
+85251316706
+85265978073
+85294307640
+85292511773
+85292341444
+85264066637
+85290654082
+85296313386
+85263062818
+85263599636
+85297986724
+85255330773
+85290789328
+85290293243
+85265300027
+85268268419
+85263389643
+85290211070
+85297104845
+85265719119
+85292775013
+85266551312
+85254945878
+85260883994
+85293841716
+85264284563
+85253813040
+85291947092
+85297394125
+85294739155
+85268968986
+85259836731
+85297102488
+85290912168
+85264462147
+85260238486
+85251820299
+85291411386
+85251175417
+85259569485
+85294364083
+85260554376
+85267616096
+85293689707
+85259357838
+85262137544
+85266901100
+85251061652
+85255376872
+85257022346
+85290705787
+85253081949
+85260558365
+85266417015
+85267301567
+85261114407
+85259309875
+85261285077
+85252257699
+85267438927
+85262043521
+85297649900
+85261416818
+85269097468
+85251312116
+85295653790
+85251836333
+85261149470
+85291586749
+85295141501
+85268781013
+85297240444
+85292015625
+85269040999
+85253840924
+85263881150
+85296578638
+85298679318
+85293362541
+85264333990
+85266849192
+85294995134
+85291982689
+85296582554
+85262323515
+85295868382
+85292692909
+85292022026
+85252829565
+85254482199
+85293830985
+85268741691
+85254967993
+85255029832
+85297942386
+85290152940
+85291367481
+85259570891
+85251225759
+85253356779
+85292087727
+85298715675
+85257033663
+85293617872
+85298056870
+85294469030
+85262344350
+85296084472
+85262803789
+85291842250
+85246716432
+85291463848
+85293693897
+85294724210
+85246265690
+85254059866
+85294452811
+85298749589
+85262272611
+85295501217
+85251173033
+85290228463
+85292614248
+85266624619
+85262008413
+85256160322
+85253748204
+85252116311
+85293332937
+85297141014
+85251854158
+85294523821
+85261523770
+85291417127
+85260644094
+85295116873
+85292232910
+85269429629
+85284816017
+85296196184
+85298762742
+85298680105
+85255994637
+85291793135
+85297919027
+85267720484
+85296358886
+85295374569
+85267452059
+85267100371
+85292320667
+85259398524
+85296705340
+85266222427
+85268273125
+85255949560
+85262226473
+85260129031
+85293599208
+85297851138
+85294581804
+85295850460
+85297751239
+85265709941
+85295753222
+85290198954
+85266047152
+85251877227
+85290494829
+85262029115
+85261566820
+85260889162
+85261795286
+85292980782
+85293649439
+85291964525
+85268783393
+85296609835
+85266380365
+85269963605
+85294730496
+85291973331
+85251389387
+85253168972
+85267776549
+85291072428
+85269392936
+85261975855
+85259952718
+85297445579
+85260279492
+85298651866
+85261227756
+85265711738
+85291932248
+85260189546
+85294511575
+85297147902
+85296867633
+85259879732
+85260340460
+85296686307
+85251152421
+85298402886
+85298319661
+85267415619
+85255464525
+85268286976
+85297730409
+85296873206
+85267792936
+85292815034
+85253185972
+85267000302
+85257202901
+85290273710
+85251105481
+85292148242
+85295390659
+85257931180
+85264138932
+85291059366
+85260992666
+85293772259
+85256603344
+85267093038
+85268481112
+85298837323
+85254075791
+85263918964
+85253054218
+85255173095
+85254876822
+85257255954
+85265765384
+85284815034
+85294923001
+85251141868
+85294410907
+85296317382
+85252646692
+85262299326
+85260783292
+85254963886
+85297997992
+85298872777
+85294270631
+85298465320
+85260963337
+85297175835
+85296230897
+85292306306
+85294918761
+85292039126
+85261866487
+85261127516
+85293692101
+85260872759
+85262296474
+85263039496
+85298863827
+85261371743
+85252174475
+85261130926
+85296852396
+85293886924
+85295270508
+85262013848
+85253059356
+85255480151
+85246357592
+85260867053
+85262269543
+85262236988
+85295539627
+85265754978
+85296739853
+85292376962
+85262253815
+85292431444
+85298284319
+85290916709
+85260769351
+85298657717
+85260786138
+85294630575
+85255981250
+85267621137
+85298492237
+85262334903
+85267620982
+85297617462
+85292056311
+85267002821
+85261149969
+85251346227
+85292206736
+85297770141
+85298436969
+85263364435
+85295346426
+85266426366
+85262202998
+85294634352
+85292202394
+85263671759
+85251383617
+85263643507
+85290527840
+85290206198
+85292046294
+85254983868
+85293680593
+85261914980
+85267343140
+85269998532
+85266031879
+85260742035
+85291984784
+85293364555
+85298229634
+85292073919
+85252280645
+85293705741
+85260919052
+85256167935
+85254327821
+85264008685
+85294836394
+85260879710
+85293393618
+85293679788
+85290136498
+85251675175
+85259156029
+85292270731
+85252495419
+85297451344
+85262738917
+85297444701
+85296030188
+85293521666
+85295185593
+85260790056
+85291248953
+85266850704
+85263556740
+85263374216
+85293616758
+85291260936
+85268290218
+85255799216
+85260744781
+85254232927
+85290183705
+85290400838
+85297877523
+85290527776
+85290997920
+85251858837
+85251293277
+85296696685
+85295552557
+85294432867
+85291580501
+85269322818
+85293239525
+85252662930
+85291042549
+85255450444
+85292229100
+85293108784
+85264067894
+85296572207
+85251310482
+85298445422
+85260616957
+85262267852
+85255465619
+85260194641
+85263809450
+85260150156
+85267684871
+85254291059
+85297298929
+85294561000
+85265878707
+85246889211
+85290157522
+85298542996
+85297788348
+85251273330
+85253199502
+85290464261
+85264715918
+85294441838
+85296251159
+85293422452
+85293788018
+85265483637
+85296775904
+85260883772
+85262717888
+85252127274
+85263738390
+85293059386
+85263127515
+85291792371
+85251697721
+85294336918
+85253965469
+85298036823
+85256066386
+85266256848
+85293595212
+85293710660
+85255383222
+85262275728
+85296436802
+85255345455
+85265938614
+85297850189
+85262326942
+85296293717
+85256269286
+85254493669
+85290621926
+85292098039
+85295726686
+85291255353
+85256189710
+85292388994
+85292301346
+85294125950
+85291788545
+85269219034
+85263909929
+85262170794
+85267582008
+85292345298
+85292894022
+85295208822
+85297627298
+85296238657
+85261141824
+85265852539
+85263033989
+85267184210
+85253783183
+85254877516
+85294381368
+85294686841
+85293401295
+85296589110
+85255077544
+85260102163
+85255340589
+85251180894
+85256065755
+85292477556
+85291467883
+85262299879
+85263507286
+85260145167
+85269719316
+85293535756
+85297331055
+85292882588
+85296309383
+85290901639
+85254989019
+85292227923
+85294567912
+85297790984
+85255333410
+85254958270
+85291967286
+85294207649
+85255115124
+85298561240
+85263022186
+85295140871
+85265402012
+85266557313
+85295340071
+85296433658
+85263929881
+85293235498
+85257213198
+85291885334
+85293194156
+85298087826
+85294293845
+85268881215
+85262223033
+85290969782
+85261091970
+85297111358
+85255086697
+85295068271
+85292099883
+85294433068
+85264792775
+85291558719
+85294547060
+85263368752
+85298458984
+85268886344
+85256456915
+85298751830
+85268467920
+85254446028
+85290968837
+85298424483
+85261715072
+85251109007
+85265911729
+85294600928
+85269392886
+85295114430
+85269041122
+85263368952
+85265778345
+85290223491
+85263510908
+85256228911
+85290277500
+85254043070
+85293416372
+85257418008
+85297248449
+85262340132
+85263454633
+85265024409
+85298050198
+85255984299
+85291574661
+85291763651
+85291854547
+85297436071
+85296607413
+85263237501
+85292229829
+85246227010
+85261457372
+85297629338
+85255465730
+85291515395
+85262122829
+85298226615
+85252864115
+85262300986
+85298514119
+85297598130
+85244636661
+85260432650
+85267790882
+85260230272
+85294495229
+85251388001
+85262267011
+85294919877
+85252645997
+85290503737
+85291815849
+85298763918
+85254237368
+85293244318
+85296468310
+85298414532
+85268033233
+85259639792
+85292425688
+85254050823
+85297561835
+85267606743
+85257102395
+85290570793
+85291043878
+85261345007
+85256670715
+85293208366
+85268566559
+85293694221
+85296664477
+85290273343
+85297811567
+85293537442
+85291876031
+85269137998
+85261537310
+85291426791
+85261136460
+85261364534
+85255988861
+85297334942
+85255190924
+85268995718
+85298617734
+85261040135
+85255350819
+85298722418
+85297997422
+85292358871
+85296268922
+85294670870
+85251833709
+85261990248
+85263937386
+85266761800
+85295854557
+85261563016
+85264062656
+85259197935
+85293658216
+85266636341
+85298577270
+85251746265
+85293673004
+85293632001
+85294697178
+85252319545
+85262263520
+85290598989
+85296178940
+85292343871
+85267098954
+85296749337
+85265480927
+85256800244
+85261802488
+85251881193
+85252129334
+85255973198
+85295185986
+85255750225
+85260107931
+85259358234
+85254899533
+85263196133
+85265755725
+85292658601
+85264435573
+85251650283
+85262245064
+85260141569
+85261131880
+85290401372
+85291739954
+85260640033
+85255098362
+85265701792
+85254077378
+85295219280
+85296133328
+85295250920
+85265329296
+85261116333
+85292480947
+85297172153
+85252229678
+85254041187
+85266505492
+85262836373
+85265417578
+85260339750
+85292358823
+85261789556
+85296702826
+85244470028
+85297774413
+85261581079
+85255350665
+85256192237
+85291889723
+85295139188
+85265347736
+85255263336
+85261609308
+85267691255
+85264609303
+85251345098
+85290514922
+85290927161
+85290243503
+85251686108
+85290109376
+85296206592
+85298315101
+85296388956
+85266337060
+85296595993
+85254380488
+85295722730
+85267431355
+85297322311
+85267338193
+85294724405
+85292602565
+85290477337
+85265144777
+85290164180
+85254225315
+85291306726
+85259215051
+85254060606
+85295355507
+85291507692
+85261958092
+85297725204
+85267110119
+85295117959
+85296623101
+85293058018
+85266821010
+85293335556
+85293393000
+85252173813
+85252186893
+85254227266
+85264820045
+85256009875
+85290497758
+85297773458
+85293851010
+85267694026
+85263547155
+85294472437
+85255720336
+85260783985
+85265411294
+85265511510
+85292376722
+85263785363
+85293356329
+85264711133
+85291212647
+85260900063
+85297710606
+85252443867
+85261916081
+85297855869
+85294880096
+85262211531
+85261651065
+85266854995
+85259699009
+85255716704
+85290408082
+85296100118
+85269393900
+85284810408
+85246418589
+85266885830
+85291285938
+85291637666
+85246816183
+85265838289
+85293629265
+85261738819
+85296332409
+85296581712
+85292689552
+85264213936
+85292387425
+85296329249
+85292883280
+85251393252
+85269873393
+85267459350
+85292703326
+85292800092
+85292360081
+85298472777
+85292578134
+85298860511
+85267586013
+85253613582
+85255001091
+85292086521
+85263510644
+85295465438
+85261586195
+85293805539
+85297919660
+85267629997
+85265826726
+85256181010
+85294302820
+85293689094
+85254122186
+85298683788
+85261253732
+85268595735
+85263311595
+85266200998
+85252286698
+85256913018
+85296635952
+85295666005
+85265642673
+85264177189
+85294533172
+85255479339
+85290122766
+85297433486
+85291660872
+85254809232
+85259311363
+85260131728
+85251719112
+85294186880
+85261958440
+85263593699
+85296686321
+85297297280
+85262793401
+85297500405
+85291270657
+85263901128
+85251654235
+85297762933
+85266287329
+85292548586
+85260968317
+85269777464
+85297858530
+85296678907
+85297354775
+85263514126
+85293149084
+85263586798
+85252120542
+85255436353
+85263808624
+85261005473
+85266368683
+85251290812
+85291713687
+85253736824
+85297051724
+85294861933
+85291415353
+85263587728
+85251160403
+85251875100
+85263247637
+85291387119
+85260957437
+85292451371
+85295525704
+85262072313
+85293416100
+85260613546
+85292260924
+85269337980
+85266035685
+85294033370
+85255416926
+85298357645
+85264269433
+85291394820
+85298739182
+85292303726
+85267466036
+85267032966
+85292611508
+85265890928
+85255334617
+85290311634
+85267041835
+85297666062
+85297159283
+85296076152
+85296241382
+85297706353
+85290248484
+85261590290
+85266055731
+85246222648
+85269967304
+85267220275
+85297338547
+85293463962
+85261533730
+85293001937
+85294613777
+85256036819
+85296648528
+85265850643
+85291826855
+85292328548
+85291079072
+85297138106
+85298447775
+85292780928
+85293272202
+85266611102
+85263316361
+85266415716
+85294521131
+85290118773
+85291567802
+85251171697
+85297082201
+85254923484
+85254403325
+85290213059
+85246840024
+85296015508
+85293004056
+85266890682
+85259386486
+85262197133
+85297899629
+85291888774
+85298461216
+85252201293
+85265073444
+85265336685
+85265417461
+85246087789
+85290472727
+85266259484
+85260984188
+85294890666
+85292952329
+85290881494
+85261703900
+85254366079
+85296524233
+85252082127
+85294705901
+85294099867
+85290652818
+85292574848
+85266714040
+85262131012
+85267300419
+85296458727
+85260637314
+85263338922
+85292628366
+85297569097
+85264652555
+85291248840
+85266821773
+85263600211
+85255479841
+85294429085
+85291076338
+85292919218
+85294639041
+85254046141
+85264851600
+85296834412
+85290549634
+85268161104
+85297386620
+85298200300
+85294119646
+85268232103
+85268572659
+85297588767
+85263681034
+85293481330
+85255983316
+85290957358
+85268288027
+85252825885
+85297555197
+85290631803
+85296245986
+85292223555
+85292917232
+85254809623
+85268407698
+85266297386
+85260114195
+85298569853
+85268860576
+85255022117
+85291948946
+85292491766
+85298742159
+85284811597
+85269923580
+85293051103
+85290582176
+85290659239
+85297721529
+85265352211
+85251193118
+85260170237
+85251065625
+85296083852
+85290261264
+85254044507
+85257930437
+85269708157
+85246705660
+85255041606
+85257359356
+85262120191
+85294775798
+85262983488
+85298364725
+85256355984
+85261505157
+85293209218
+85291530803
+85257975090
+85266091308
+85267400588
+85296681127
+85290343280
+85268993592
+85296428666
+85251377630
+85255323656
+85298286553
+85295332300
+85294637200
+85295840193
+85290752039
+85297724525
+85268999938
+85262325386
+85295505216
+85291317661
+85254163488
+85254670852
+85251055161
+85294972587
+85255882501
+85266518913
+85298137542
+85260822118
+85295200605
+85252437693
+85265873643
+85295870656
+85295054452
+85252013676
+85266225928
+85264428706
+85291384077
+85298451771
+85252816738
+85266332805
+85294312741
+85256237991
+85263549327
+85296070900
+85294829298
+85284042146
+85260969279
+85292895295
+85262318365
+85296200045
+85290163331
+85261107368
+85262630491
+85292700901
+85295561998
+85290213270
+85267357795
+85290289880
+85292250599
+85256051758
+85294838694
+85267024429
+85266030171
+85246714831
+85265748254
+85296565583
+85292296370
+85264060488
+85290870298
+85251755534
+85251025690
+85291009068
+85265885295
+85291777484
+85268338988
+85297791710
+85260112055
+85255474386
+85290111952
+85254265407
+85264105636
+85266254189
+85252237587
+85261232292
+85260199886
+85263735199
+85298835419
+85290971019
+85290310622
+85256427109
+85251167047
+85298659396
+85290800040
+85296487916
+85261991932
+85296192231
+85260253011
+85290738188
+85260158647
+85294851793
+85252076080
+85290761878
+85266727803
+85260189487
+85292873857
+85293127099
+85293472990
+85298000900
+85296579079
+85265232580
+85266749779
+85294755006
+85253190009
+85291464177
+85269755910
+85294130958
+85262082549
+85290137627
+85268001484
+85293824967
+85290613549
+85298722371
+85251642056
+85295877579
+85257700959
+85293694710
+85264219452
+85291469918
+85246245906
+85284048453
+85260770305
+85253811554
+85291579556
+85293131399
+85269368316
+85293195006
+85263603767
+85260608544
+85296414381
+85253219138
+85294388589
+85296779577
+85246218164
+85261387889
+85253208199
+85284937136
+85291823851
+85291730342
+85261099583
+85262839021
+85294420843
+85290341710
+85291671831
+85265538674
+85260253705
+85263741567
+85292643254
+85263683442
+85261562449
+85265599574
+85254063508
+85263856422
+85261147801
+85297575694
+85292134893
+85296295874
+85294806590
+85296660427
+85265175032
+85297485998
+85290145329
+85251221135
+85267424847
+85264899950
+85297094838
+85297837893
+85297204332
+85292007942
+85251177833
+85291619437
+85298646412
+85297454143
+85293832558
+85293001161
+85298753770
+85298528343
+85298439595
+85294276802
+85255661188
+85297871537
+85290989697
+85297099298
+85261516336
+85252440682
+85294683148
+85269760689
+85263197222
+85296053450
+85256460849
+85263657671
+85257422130
+85259770822
+85252227434
+85253985688
+85251626251
+85260252269
+85296708031
+85261139920
+85292067208
+85253198047
+85259319156
+85259334294
+85296535282
+85292274998
+85295216488
+85298311373
+85261693908
+85298270826
+85263408706
+85268238960
+85266930288
+85290176504
+85297605289
+85296615090
+85260819936
+85290176801
+85290977145
+85297643555
+85296047053
+85290909201
+85255440875
+85296062286
+85296561208
+85266929289
+85261562581
+85297831283
+85296024417
+85253013331
+85254659509
+85266067747
+85291255726
+85291783566
+85290192462
+85255033536
+85293407298
+85261498253
+85297626219
+85256070125
+85265606603
+85263609598
+85256119319
+85298384327
+85246115137
+85265659988
+85264059699
+85263052345
+85254056927
+85264912691
+85290654558
+85253186299
+85268072549
+85292075897
+85291932070
+85295899427
+85265388499
+85291296820
+85267428127
+85291313125
+85291960462
+85291608482
+85260112796
+85292175713
+85254057064
+85260706394
+85297988506
+85290747474
+85297176942
+85284815103
+85251139354
+85292610567
+85251650615
+85265344223
+85267991896
+85296678863
+85295826524
+85261024492
+85262251747
+85267447867
+85296279710
+85295842251
+85260370679
+85297654172
+85291386491
+85265425370
+85260235332
+85260236531
+85267181811
+85291778932
+85295103035
+85296501509
+85292083187
+85257130732
+85297277345
+85256958443
+85292690871
+85260185938
+85264479930
+85269793462
+85293843373
+85264612720
+85292864486
+85261717882
+85266230648
+85253690138
+85256638950
+85291604633
+85254438787
+85293655028
+85290865123
+85265969052
+85260167102
+85293858086
+85291304566
+85269766253
+85295792465
+85262393837
+85294868651
+85296592213
+85295658781
+85270710990
+85291078878
+85256805114
+85298135349
+85295513844
+85293774248
+85298642008
+85263348363
+85290475908
+85261485159
+85291895563
+85263715918
+85262732689
+85264256243
+85268939376
+85291851722
+85256895679
+85294676099
+85260315326
+85291312033
+85260761569
+85294924978
+85291469738
+85292064238
+85296095881
+85292883542
+85262328028
+85254029790
+85265115777
+85292400965
+85269995743
+85295897638
+85269093874
+85263753552
+85298233131
+85255368880
+85292348666
+85292238378
+85291672957
+85255975314
+85297353958
+85267058935
+85291081839
+85264094815
+85259148687
+85298658663
+85298765066
+85291420877
+85253864325
+85266939343
+85292605572
+85246928720
+85255061889
+85296272493
+85296804650
+85266944640
+85262472482
+85293850761
+85298864576
+85251374762
+85267042034
+85292805154
+85291643600
+85298189810
+85262407080
+85296699753
+85298559853
+85254311869
+85292749550
+85290991260
+85260318534
+85294117895
+85260358139
+85254024756
+85262274310
+85293425675
+85266187650
+85296406010
+85268055528
+85256966506
+85292285189
+85293030157
+85290267267
+85252251794
+85264679406
+85262771282
+85298303726
+85295625913
+85246147524
+85294412368
+85260925543
+85290320958
+85259951470
+85254926702
+85297679464
+85298646348
+85292814525
+85291282259
+85296656788
+85296742368
+85266801195
+85259687069
+85295405575
+85251741112
+85269762967
+85266577626
+85296432674
+85298698758
+85254448881
+85293123947
+85291084587
+85291228673
+85296384832
+85259511475
+85294337776
+85256495068
+85261336094
+85291281772
+85297314615
+85294649444
+85296072723
+85284907248
+85294370501
+85255063072
+85291620009
+85297093208
+85298346506
+85294571630
+85261317102
+85261531902
+85253616147
+85267418681
+85291292879
+85290848474
+85261134067
+85265465482
+85268023635
+85264093212
+85292066697
+85290276393
+85263820093
+85297339704
+85296670438
+85296962615
+85261931403
+85295238568
+85262289951
+85297905502
+85265036208
+85263610358
+85296014196
+85260143616
+85294210328
+85297099951
+85263920709
+85266023188
+85255263600
+85297189129
+85253777976
+85298414825
+85264829245
+85291555239
+85292200404
+85294908334
+85291062426
+85257712512
+85291224708
+85293231331
+85292765816
+85255039302
+85293262660
+85265586331
+85295897551
+85263505710
+85298361782
+85293031926
+85291474628
+85296896462
+85298434682
+85256957334
+85290604602
+85262825611
+85255143370
+85298737829
+85251904970
+85255471859
+85294608859
+85246118817
+85294906495
+85291542151
+85291015048
+85263559880
+85253132125
+85293481806
+85295495940
+85296223017
+85292156740
+85297919819
+85251854881
+85268372090
+85291319732
+85292689607
+85244154965
+85296961183
+85292892358
+85291915680
+85264661597
+85298885887
+85291000911
+85294675380
+85292874884
+85268750528
+85294188908
+85262282021
+85292627608
+85255461801
+85293319376
+85261118421
+85296136512
+85265333769
+85259505220
+85253049719
+85296137873
+85260557709
+85259872523
+85252249847
+85266840250
+85254230431
+85264356486
+85296410886
+85291901939
+85251030261
+85260140021
+85264141261
+85295504784
+85262181036
+85293494148
+85254061463
+85261464240
+85295146539
+85297599212
+85265950389
+85263851728
+85290102544
+85268130044
+85298020118
+85256009823
+85261955115
+85290895047
+85291808634
+85292001928
+85291779245
+85260129927
+85297704078
+85298482839
+85294141014
+85264354846
+85252392388
+85293225642
+85262707954
+85253771877
+85295797777
+85291409120
+85257294255
+85291873440
+85296838715
+85290122735
+85257435230
+85261318434
+85252371926
+85296518856
+85297807809
+85290625490
+85296131360
+85261879520
+85266449072
+85261787469
+85296117223
+85261681627
+85251715552
+85298529283
+85264170144
+85298328026
+85267631649
+85296784776
+85293437094
+85263778166
+85269918169
+85260146818
+85268508908
+85294777206
+85294877254
+85264308448
+85297602057
+85266037835
+85294884243
+85295148427
+85293087979
+85254928203
+85297846044
+85292693869
+85297100250
+85260761909
+85251470481
+85266234656
+85266085222
+85260823954
+85296529311
+85293522468
+85291677698
+85294176480
+85290516330
+85260785837
+85256056223
+85291952880
+85252669740
+85298722974
+85252823163
+85298143438
+85293390856
+85261511190
+85260403560
+85260212048
+85265774419
+85294952487
+85251227307
+85293244408
+85268182074
+85265189424
+85264319770
+85255438330
+85293860017
+85263333909
+85262887091
+85253305573
+85296238813
+85293873265
+85291988609
+85291311532
+85292359113
+85294287973
+85297032020
+85256280400
+85294429484
+85291281354
+85261751416
+85256242065
+85290203600
+85266590299
+85254485479
+85270721604
+85292871141
+85290698337
+85255320404
+85265771307
+85293212389
+85293849140
+85264325959
+85297123745
+85292829932
+85265452931
+85297470298
+85293229986
+85263593445
+85292596361
+85295588080
+85261917992
+85267595565
+85290506275
+85290756558
+85290511873
+85268181338
+85291099826
+85291992985
+85296356456
+85265181506
+85295380555
+85265762434
+85290220336
+85260129907
+85256494131
+85264872169
+85260947147
+85256154165
+85298374320
+85293472326
+85264678544
+85295156753
+85291679756
+85292790602
+85255149139
+85261513626
+85290266703
+85290878166
+85251182483
+85292213053
+85298518448
+85261316388
+85263706223
+85262921700
+85292343045
+85246361967
+85293802865
+85266604622
+85261013567
+85251747506
+85260437531
+85251478066
+85295032104
+85263772488
+85254188849
+85262187778
+85292759745
+85269828666
+85292283453
+85292483380
+85293268622
+85295430852
+85291668202
+85293851508
+85292624268
+85260888629
+85251141570
+85261369176
+85254999466
+85268481750
+85263082198
+85292016767
+85261904655
+85292423817
+85266235148
+85252697070
+85292721682
+85266032193
+85262788883
+85295253380
+85291759764
+85291696626
+85290779416
+85293067801
+85297138387
+85290937664
+85293295551
+85291457056
+85264686508
+85252660152
+85293166017
+85296814009
+85293805476
+85251770333
+85290411386
+85298118105
+85261319192
+85267484977
+85294386528
+85266885574
+85265094308
+85296206303
+85296339556
+85296241347
+85255643043
+85294441678
+85254778124
+85251006312
+85291030634
+85251916202
+85244220873
+85251369650
+85251474488
+85262565151
+85261741925
+85262470846
+85297170728
+85294598472
+85297092905
+85268002827
+85254221503
+85260353406
+85296808036
+85297726705
+85257177693
+85291003520
+85290596016
+85298003935
+85261523684
+85292575740
+85298132039
+85297509883
+85251699448
+85264462894
+85260126323
+85262889145
+85263169512
+85255966009
+85255669425
+85298501259
+85251361577
+85291201254
+85294129040
+85292498832
+85298689282
+85295417751
+85296684126
+85267399976
+85261876171
+85261254302
+85268758344
+85294280684
+85298291994
+85262636729
+85295862985
+85290964586
+85293455931
+85266416968
+85264780585
+85267907562
+85292524046
+85292711703
+85297149044
+85265181486
+85254920430
+85292168786
+85291007678
+85296490054
+85293268325
+85264735787
+85261332897
+85291771695
+85292775570
+85295533935
+85298521392
+85296482815
+85260561630
+85263321341
+85266524347
+85293256583
+85292114257
+85263599197
+85294494191
+85251605253
+85244231809
+85297506180
+85269403642
+85256811272
+85292596927
+85292073246
+85268867712
+85266791989
+85291964477
+85269784824
+85255406784
+85261377408
+85296553370
+85298025698
+85296681005
+85295191466
+85266726242
+85269206200
+85295114833
+85262229315
+85291784433
+85269367486
+85269782868
+85263534420
+85293342303
+85297130839
+85267702331
+85290966273
+85244819276
+85263980385
+85254398687
+85290452804
+85246110229
+85294357788
+85261104619
+85298233859
+85291605568
+85262128830
+85292489963
+85260804951
+85254257818
+85296835790
+85292719981
+85295879276
+85298168054
+85298078509
+85254010719
+85269083619
+85290793868
+85292063616
+85266806609
+85290488815
+85297573983
+85263650698
+85298227008
+85261052933
+85291367975
+85297579397
+85260777678
+85296631038
+85291785381
+85260819130
+85293280015
+85268169625
+85255126532
+85293376201
+85254002234
+85262598146
+85292364570
+85251145560
+85254433282
+85298832262
+85266993535
+85264300394
+85265519621
+85264142519
+85262293321
+85255710608
+85255349682
+85292170440
+85244488272
+85256252697
+85298072313
+85298273299
+85262080712
+85294339808
+85294630884
+85296865189
+85255400420
+85254042130
+85298882002
+85298725900
+85265419147
+85291598255
+85294233097
+85260720441
+85290493770
+85261039934
+85263888618
+85290853721
+85254223786
+85291557388
+85256887635
+85265534734
+85291413598
+85291885881
+85296692106
+85264919699
+85251090390
+85262952989
+85257431233
+85251171299
+85261104435
+85292735569
+85263078218
+85298480309
+85251275080
+85251653614
+85297321281
+85256008464
+85290392676
+85292819689
+85254089488
+85291986373
+85261536618
+85296873995
+85253170293
+85292542972
+85251600994
+85255786769
+85293402483
+85297555283
+85298549827
+85255118876
+85261566953
+85298463526
+85264805374
+85267655865
+85253470201
+85298302100
+85269675777
+85296532490
+85293516712
+85268957211
+85298416121
+85262735878
+85261267858
+85292354871
+85292333272
+85267759450
+85293049767
+85297819504
+85284940991
+85291287005
+85290342502
+85298596115
+85298630824
+85264344303
+85262476057
+85259100541
+85296619605
+85298889050
+85264223313
+85252829578
+85253716909
+85298823310
+85254455366
+85264191911
+85296260522
+85291233752
+85269492407
+85246789961
+85266899885
+85296596146
+85266747838
+85293918734
+85293773355
+85256852171
+85291553515
+85297222310
+85252121229
+85255723683
+85264693260
+85293847738
+85293175392
+85267078049
+85253770142
+85261691436
+85294823040
+85263231336
+85296701723
+85251687002
+85295700766
+85297437713
+85291220487
+85260417969
+85253182841
+85266834680
+85295114588
+85297311720
+85254216969
+85297319189
+85259970558
+85297884490
+85266086681
+85298020932
+85298487441
+85259967821
+85254273902
+85246942130
+85269988598
+85255706262
+85260121474
+85253955366
+85264618989
+85264988667
+85263365011
+85297714554
+85251696516
+85298033202
+85296250318
+85296329752
+85295107942
+85293741363
+85298716239
+85297730709
+85267682107
+85268445323
+85291579421
+85293238990
+85295884807
+85246077348
+85264678080
+85256395772
+85294919586
+85294334225
+85263007162
+85296134646
+85265999286
+85297701527
+85252241556
+85260392064
+85262188824
+85267165788
+85290845524
+85265986510
+85298834936
+85260773480
+85295086266
+85262170375
+85261364316
+85298488696
+85292891010
+85266068712
+85297712819
+85261945438
+85251161816
+85264770441
+85253963159
+85298550134
+85267415590
+85297873588
+85296819108
+85251736699
+85251600618
+85260917050
+85268448041
+85290414484
+85263931262
+85291330148
+85262035540
+85298553504
+85254267879
+85263438705
+85251699795
+85264343918
+85290255020
+85263500759
+85268139697
+85293038513
+85253783928
+85251257467
+85261557515
+85295877904
+85269973129
+85296432230
+85298568292
+85256231957
+85295179689
+85298368811
+85297507447
+85297682923
+85264627322
+85256899060
+85262094619
+85298781175
+85261816777
+85290960810
+85294545628
+85296714059
+85264815245
+85290942936
+85293516296
+85293248309
+85260335816
+85297175760
+85290427768
+85290801561
+85257021499
+85297524256
+85296353349
+85263599980
+85253997627
+85265670668
+85294235544
+85263520097
+85290164684
+85259509840
+85256422825
+85255978100
+85257280178
+85268271608
+85251152561
+85261592266
+85291058837
+85263880380
+85263609653
+85262388326
+85298003789
+85267183696
+85267753061
+85290885058
+85261994266
+85298782322
+85259345691
+85296094407
+85252127218
+85255138447
+85294862037
+85259275150
+85294035878
+85254045564
+85291887626
+85269992743
+85292619722
+85266749621
+85292248037
+85255629210
+85265295562
+85261829834
+85296019902
+85296522526
+85267675739
+85267992900
+85267698558
+85254264197
+85294156212
+85292294424
+85256961400
+85256179153
+85290934423
+85263759252
+85293100699
+85297873631
+85293657659
+85294520789
+85292511904
+85262713213
+85290427939
+85251722217
+85262550253
+85290957800
+85296644115
+85298292282
+85298681433
+85260913761
+85290138758
+85290852897
+85298883848
+85268999962
+85290871064
+85298382476
+85254984900
+85253202358
+85263371774
+85259322015
+85292406698
+85296570450
+85290360905
+85266590322
+85294414970
+85293148096
+85263881037
+85253183607
+85294989061
+85255242808
+85298398621
+85298885135
+85297827992
+85298527032
+85251219058
+85290175889
+85294619827
+85294394171
+85298125718
+85298379807
+85254025688
+85291983042
+85292135232
+85262305959
+85251037213
+85296876970
+85264874046
+85260282091
+85297466533
+85255438865
+85255480661
+85261459844
+85293548656
+85246817353
+85244341418
+85259154832
+85262965591
+85261236114
+85268558897
+85291895291
+85294199521
+85255030493
+85260322440
+85253012340
+85298218408
+85295375637
+85292340420
+85260336774
+85297783987
+85251371003
+85293292765
+85255119138
+85263021505
+85263591624
+85295103626
+85296693732
+85267923900
+85295397215
+85292159495
+85294392508
+85251609988
+85296134855
+85263509139
+85255358420
+85296647794
+85253002301
+85296569695
+85293260494
+85267434075
+85296617534
+85267112060
+85261069609
+85294049100
+85266235978
+85262277892
+85260180443
+85267617469
+85267421926
+85266777609
+85260927550
+85261208733
+85259583532
+85269628935
+85262364066
+85297268329
+85298760039
+85254056825
+85252064172
+85290880585
+85251159588
+85251896568
+85256643828
+85292189440
+85251143072
+85291691653
+85255400989
+85269951555
+85266442482
+85256647317
+85298607790
+85253746610
+85291827783
+85253742465
+85255447974
+85256484792
+85256220726
+85294011588
+85252985728
+85251719458
+85292058585
+85290788373
+85298558146
+85292198969
+85254051663
+85293836415
+85297969969
+85297804128
+85261139930
+85262219874
+85297846744
+85292341435
+85254442523
+85267139083
+85257274431
+85263135815
+85298332740
+85253190988
+85260997118
+85296110344
+85296882437
+85260408008
+85263591733
+85296501161
+85260215017
+85255431684
+85291201000
+85251145689
+85260190993
+85294819848
+85296793280
+85266776206
+85268278968
+85255006335
+85255138789
+85261585461
+85263642668
+85297185183
+85296627865
+85298450956
+85293824101
+85295400839
+85261389895
+85295393566
+85268829747
+85297702112
+85296616593
+85261787886
+85263713063
+85253239393
+85269353113
+85266218148
+85293193798
+85298513028
+85253316681
+85269274858
+85296140368
+85260324401
+85266525522
+85292593856
+85252331708
+85267133142
+85267948649
+85268039673
+85290256597
+85259788177
+85296677425
+85261534578
+85261418150
+85290864220
+85262241576
+85294584698
+85261139417
+85296595533
+85294041323
+85254053144
+85260775787
+85297575181
+85263720674
+85296689440
+85252102229
+85260790205
+85293748153
+85268742894
+85290361391
+85298405309
+85298356192
+85297785408
+85290109899
+85255753737
+85251186856
+85246506119
+85257936398
+85298076038
+85262818416
+85290231654
+85261031104
+85261898775
+85253990401
+85298779964
+85297832207
+85295312335
+85291059708
+85270741923
+85291769925
+85267921498
+85255242794
+85290993776
+85263307082
+85251325662
+85262325091
+85252779850
+85296147833
+85293423738
+85252329588
+85269944406
+85256284326
+85265322878
+85292734414
+85295448533
+85256671186
+85295369230
+85260186257
+85254201288
+85266427272
+85290744111
+85293496347
+85262785776
+85267333427
+85256100747
+85296328833
+85291386832
+85260363756
+85293271327
+85296569066
+85262533384
+85298143281
+85265797513
+85260275277
+85294998315
+85292800111
+85253488195
+85294684129
+85251076460
+85268711903
+85266382548
+85292773409
+85263583637
+85298416214
+85292336394
+85294996061
+85262525819
+85265049704
+85253449891
+85291351097
+85261529790
+85296524950
+85290205206
+85260156268
+85298123377
+85293643303
+85294254076
+85296642335
+85251376249
+85259366887
+85298725911
+85255480991
+85263582977
+85262383937
+85293803916
+85291290885
+85266742428
+85261228626
+85292596031
+85256088532
+85298236383
+85251179993
+85251366201
+85255204144
+85295022502
+85254432857
+85296301821
+85259839040
+85297307136
+85298000086
+85257705442
+85266207537
+85252227708
+85292335117
+85296049675
+85255907414
+85262259402
+85254994061
+85261921949
+85268500470
+85297474468
+85295566877
+85267672309
+85297161100
+85255737950
+85292607932
+85262097874
+85262383109
+85268948871
+85260393960
+85296268803
+85296893601
+85292409880
+85267949187
+85261882899
+85255441419
+85297395564
+85257102178
+85269276811
+85290169522
+85292983493
+85297422379
+85293430550
+85291729733
+85290525510
+85291562436
+85294053438
+85290466231
+85267152884
+85295164275
+85260982206
+85251316187
+85291083180
+85290127939
+85291295955
+85253056328
+85262130773
+85262213337
+85260364341
+85262890236
+85295830952
+85292827954
+85263580878
+85297285745
+85291595495
+85254284427
+85298611281
+85256847186
+85251613938
+85294645885
+85284816720
+85290872369
+85253832185
+85298562298
+85253727644
+85290521648
+85262875530
+85265930041
+85246110904
+85256101433
+85251010058
+85265765953
+85263546397
+85266801870
+85298090594
+85267389555
+85297154772
+85268220081
+85270717902
+85266748426
+85255017814
+85268838796
+85255756879
+85260521087
+85261771993
+85261218095
+85292422023
+85292688856
+85292172167
+85297544123
+85253002278
+85290616011
+85290519169
+85298720002
+85298556833
+85246297643
+85259114100
+85290803990
+85263361205
+85296686131
+85298404885
+85267462913
+85298351527
+85263356988
+85260965174
+85262336912
+85296271840
+85253844739
+85251189664
+85256641047
+85269965259
+85260742869
+85296095226
+85294866369
+85290234669
+85293074900
+85296024773
+85294993675
+85260504294
+85261218268
+85298669177
+85292932523
+85297093015
+85298893787
+85260983200
+85255465820
+85253891532
+85251229566
+85251105349
+85296815208
+85263811222
+85297019687
+85291672678
+85264883178
+85253924997
+85293319251
+85291893585
+85267782802
+85297574855
+85297341776
+85251938759
+85254034934
+85292288769
+85293120953
+85294324821
+85268797018
+85256109288
+85253208635
+85294358063
+85296599499
+85263592727
+85296133078
+85263245356
+85264071434
+85268404192
+85291728303
+85296838536
+85252656342
+85297889670
+85293462996
+85293434681
+85263488569
+85296710723
+85255291171
+85262386663
+85292301397
+85296729958
+85268063438
+85297843193
+85293546633
+85292151215
+85290600765
+85264183947
+85295147351
+85297918347
+85294322990
+85262991805
+85296279472
+85263590748
+85253369232
+85254454022
+85294391837
+85265928383
+85296866438
+85296713757
+85251694550
+85298607273
+85266746904
+85266207659
+85264314682
+85262293248
+85259301940
+85254995926
+85261916510
+85294694961
+85296150773
+85293850850
+85292432372
+85290808526
+85252206284
+85264362190
+85293406999
+85293125971
+85298543376
+85259124851
+85296298729
+85298556405
+85260101049
+85291258242
+85268458054
+85295051538
+85298407274